103906088,1321435,45,144
103912722,1323746,89,129
103855530,1330703,71,142
103857917,1313491,122,65
103856639,1294777,97,138
103897177,1320385,101,123
103868524,1307013,13,68
103910063,1318140,115,79
103877068,1323012,67,136
103876540,1290921,13,133
103880072,1316508,44,137
103871426,1322658,109,36
103906080,1294884,11,107
103877723,1301867,92,109
103916296,1311435,124,138
103869063,1319967,106,115
103895226,1314203,127,138
103891334,1292028,98,138
103878243,1312412,91,140
103912676,1308879,80,115
103900795,1285580,57,97
103885837,1295075,108,121
103916568,1306139,8,102
103906685,1296800,46,128
103911344,1294495,15,49
103912605,1287086,10,15
103894030,1329577,48,118
103864340,1287321,57,121
103888048,1311258,106,140
103862376,1294477,110,116
103914359,1307385,135,134
103872125,1302404,58,95
103898083,1287402,98,80
103873759,1286536,85,140
103872773,1292302,134,73
103898897,1294955,63,113
103901531,1327104,110,105
103869170,1316161,11,101
103886004,1286864,35,108
103883274,1298735,123,72
103861140,1326035,107,131
103882963,1308983,31,104
103898735,1285736,36,116
103908172,1291113,7,142
103865904,1326863,126,120
103891997,1311102,131,117
103886060,1295767,121,44
103879130,1290088,7,47
103879540,1306649,13,65
103859838,1327339,63,126
103916036,1328007,8,26
103872860,1326665,109,31
103890144,1322608,115,71
103893626,1302579,47,142
103915587,1317098,67,141
103909545,1321434,76,139
103868885,1300069,22,142
103902198,1309374,23,111
103897668,1319797,32,107
103906258,1323918,19,92
103910252,1330969,20,99
103908486,1327739,127,92
103879421,1300320,128,124
103867519,1320054,137,120
103856542,1308650,107,144
103875524,1324431,69,121
103898985,1296040,101,106
103870161,1311050,19,125
103880189,1307292,121,83
103909776,1291937,125,122
103864429,1297442,31,110
103898624,1289577,120,136
103872057,1320708,46,67
103891128,1327689,101,136
103901811,1292593,126,104
103906932,1291667,121,99
103871379,1325906,19,130
103899100,1309567,4,107
103907144,1327365,79,134
103897162,1284899,96,75
103860457,1305899,19,116
103894318,1286335,43,94
103905221,1330070,92,98
103866456,1287069,106,140
103899766,1302507,91,130
103876737,1295315,133,140
103905395,1323441,55,75
103886133,1310763,113,84
103877825,1317824,32,68
103880219,1304869,41,67
103895271,1300498,43,138
103883575,1301997,10,87
103884855,1330442,70,29
103897784,1302935,26,140
103907315,1325900,33,129
103914192,1327709,82,113
103880129,1312883,6,134
103902103,1324354,50,135
103906314,1315071,47,32
103861221,1324192,57,137
103889076,1307908,131,111
103880084,1302319,100,106
103868994,1313659,34,73
103902816,1289343,136,100
103876967,1303918,56,133
103905665,1316611,78,144
103876257,1305269,125,53
103874899,1314067,16,126
103856227,1291754,88,120
103863568,1320842,53,39
103870680,1305790,77,144
103882944,1295088,77,123
103916352,1330892,15,95
103867523,1284717,127,126
103892067,1304371,133,118
103884015,1288288,109,138
103894366,1292252,58,108
103884768,1318605,142,119
103910433,1286627,83,132
103876815,1309407,116,74
103871839,1330249,142,103
103894675,1324957,135,130
103908423,1322565,123,68
103862233,1311077,78,130
103915927,1314396,68,109
103889145,1304038,76,115
103914175,1301581,113,86
103879528,1328264,39,129
103867208,1323315,122,111
103868559,1304798,30,102
103881854,1316522,99,136
103908517,1322636,93,137
103870122,1292720,26,105
103895174,1308418,39,102
103855169,1328252,140,71
103879562,1290386,125,138
103864841,1300319,105,140
103882021,1298174,11,76
103911213,1323214,89,141
103913075,1317043,131,107
103874232,1325329,15,112
103866195,1310181,69,109
103903434,1303841,119,105
103870322,1326530,69,125
103860679,1322881,5,140
103863275,1324014,71,57
103901445,1292517,79,137
103879085,1287093,105,119
103878290,1294326,31,116
103859158,1303766,15,106
103888823,1310282,36,142
103893270,1326801,62,117
103882887,1310372,61,96
103884131,1284818,85,124
103913855,1299176,131,73
103870006,1308319,93,141
103905793,1294734,77,130
103887936,1319959,28,129
103894778,1327690,89,117
103861510,1314549,1,115
103898173,1322188,63,137
103916680,1301287,105,118
103888091,1319371,97,32
103880103,1293686,62,104
103893502,1288832,134,144
103898392,1320577,44,47
103915043,1329662,67,136
103890785,1298783,58,141
103858162,1320938,58,122
103888020,1305338,74,106
103871496,1310314,38,74
103908302,1327598,80,115
103895757,1292231,20,139
103880389,1322488,41,141
103880456,1313986,47,127
103891709,1320967,67,123
103906039,1291351,87,107
103870001,1294177,64,135
103860285,1319842,107,124
103869962,1304769,66,117
103878518,1312034,119,119
103868940,1316362,24,117
103888924,1314613,90,62
103865725,1307511,99,132
103885819,1288020,112,121
103869845,1286965,140,116
103915517,1308172,30,129
103894977,1286401,24,142
103854749,1329861,94,11
103903677,1325437,55,122
103879141,1328423,11,127
103896137,1313607,137,75
103874057,1303214,17,83
103917030,1316361,34,138
103887521,1297317,108,113
103899587,1326282,65,141
103910205,1288822,141,102
103876912,1298812,1,104
103915919,1323712,1,110
103880025,1323359,128,130
103906302,1304170,114,92
103894262,1304126,31,103
103909223,1288410,58,113
103906504,1322829,50,115
103868621,1314113,76,92
103873467,1309928,51,128
103916217,1324224,33,84
103859677,1289064,89,106
103854622,1291509,95,31
103883197,1297167,131,139
103900758,1323947,140,134
103889419,1296540,43,129
103911203,1288782,35,136
103915244,1302653,101,123
103858844,1329840,77,141
103907270,1317240,18,122
103857081,1320415,3,109
103916167,1308399,26,144
103886796,1316869,78,93
103911335,1328451,83,135
103900451,1329481,4,124
103857030,1328055,14,132
103859645,1320968,17,117
103880887,1318464,5,141
103893007,1327616,93,124
103862227,1317022,94,144
103858467,1325337,67,56
103874944,1290742,104,33
103862910,1328260,106,139
103905989,1293199,11,71
103909914,1297047,126,135
103861600,1326520,87,91
103882841,1289500,135,139
103914428,1292582,31,90
103895146,1284888,73,135
103889793,1314060,57,86
103911206,1286702,137,97
103905471,1315609,137,119
103899910,1293601,22,92
103912476,1317122,88,140
103889755,1326877,128,142
103869365,1293180,129,115
103916828,1305482,29,66
103915965,1319501,12,142
103886695,1309126,68,97
103872013,1317016,50,143
103893989,1313567,22,30
103885091,1323801,60,137
103892073,1298856,132,26
103909755,1284558,112,144
103866276,1295004,131,74
103878879,1325344,135,66
103862866,1288801,105,83
103864620,1284771,65,91
103896330,1313223,97,101
103882122,1303756,130,61
103915126,1303659,53,138
103900268,1317147,57,140
103870757,1295305,113,138
103885246,1300507,71,131
103910389,1322950,119,106
103903489,1322684,100,124
103876213,1284621,104,120
103897612,1311558,18,143
103894493,1313758,130,144
103885324,1292782,95,138
103900180,1331052,75,130
103853939,1294693,0,89
103913023,1330877,80,134
103911493,1327524,0,140
103893926,1326949,78,136
103863758,1325518,88,143
103904057,1308534,63,69
103900613,1327561,81,29
103857218,1299799,7,138
103915237,1325779,100,142
103869337,1320287,50,142
103897956,1315073,18,78
103876465,1294294,10,97
103858188,1315681,133,60
103899675,1317701,80,120
103865590,1299762,83,135
103895635,1288077,126,119
103893903,1296992,118,131
103871837,1299136,110,82
103892713,1285934,6,119
103914996,1310989,82,54
103905906,1330927,17,123
103876055,1302343,96,103
103875801,1321656,113,124
103866575,1293143,142,90
103896696,1322156,11,124
103887277,1305927,60,89
103870068,1288026,141,128
103859507,1285660,30,89
103896872,1315322,29,73
103879946,1313852,94,138
103894294,1323191,106,76
103913367,1308778,138,141
103895233,1292973,103,106
103889385,1316034,48,37
103911461,1313158,90,57
103896194,1290532,93,135
103866253,1314975,100,46
103887475,1325770,58,84
103905592,1310786,31,137
103864782,1318146,21,40
103867247,1288342,119,91
103854834,1318706,78,98
103899653,1308897,55,67
103876148,1326054,133,133
103858036,1321151,126,128
103858209,1322647,97,85
103910517,1317642,136,111
103889393,1309568,135,142
103883255,1286620,79,60
103862338,1303588,131,23
103904529,1295962,87,143
103878688,1317692,84,66
103906112,1319118,22,122
103857799,1288076,127,52
103902909,1308645,91,130
103888041,1314885,89,81
103871593,1326929,10,61
103870384,1303795,88,93
103856751,1284820,93,91
103859350,1299235,5,140
103886370,1296354,32,106
103914279,1296886,43,84
103895228,1301459,89,140
103911940,1301463,47,99
103878113,1316221,95,99
103869651,1321603,142,96
103893054,1301517,119,102
103878206,1284662,11,90
103916478,1324514,121,99
103893968,1311604,83,48
103862727,1330319,17,84
103857219,1327889,71,138
103867330,1295855,142,106
103878796,1326564,56,36
103868526,1293022,67,62
103912278,1312813,47,85
103873798,1298973,57,106
103882279,1295052,118,126
103902808,1324172,129,16
103857177,1287115,141,141
103912923,1304706,138,143
103871522,1306834,21,114
103865345,1303824,98,131
103882456,1317213,113,80
103889689,1329817,12,140
103901292,1287566,120,98
103880800,1316661,46,77
103898185,1309660,9,113
103874752,1307440,23,79
103905653,1307808,1,109
103911705,1322905,66,59
103886637,1316632,80,72
103854716,1287370,50,77
103897264,1330217,56,133
103879639,1308556,16,143
103886825,1295497,117,144
103896263,1324347,79,125
103896626,1285913,45,140
103878139,1308706,116,28
103910333,1315611,110,108
103883576,1317572,56,144
103901748,1306966,48,35
103903768,1305617,37,100
103870358,1314355,80,138
103898223,1316279,130,129
103902942,1308079,140,144
103885433,1304521,104,61
103880368,1293894,17,83
103873914,1321729,42,133
103888274,1323379,119,61
103900169,1286900,7,70
103867302,1308628,33,134
103861162,1289961,86,132
103861086,1301744,60,139
103892045,1326060,30,108
103905743,1311182,67,123
103862407,1304301,49,126
103910842,1320415,12,104
103909712,1288799,25,105
103901009,1311726,22,132
103878433,1321005,108,73
103907007,1311084,25,78
103874417,1294567,142,121
103859220,1298420,80,123
103892454,1321815,58,118
103885297,1307418,23,58
103907514,1326489,21,49
103890974,1291719,104,142
103907057,1318025,14,144
103913552,1322259,66,115
103904800,1291734,143,135
103881684,1311313,3,142
103897531,1327391,48,112
103855717,1305321,41,144
103913476,1330134,27,139
103855680,1322794,44,48
103878331,1286827,45,42
103870634,1309060,53,68
103902879,1322395,17,89
103896906,1300453,63,51
103881500,1285089,36,111
103879719,1289412,79,122
103915028,1314160,84,131
103897788,1295761,117,117
103901210,1291407,60,141
103898451,1302149,44,79
103902141,1305315,123,140
103878086,1287303,50,106
103901277,1300216,20,127
103865620,1324485,72,137
103907367,1311991,80,124
103885345,1310934,68,111
103884786,1311750,48,88
103912278,1311174,2,79
103874005,1323572,141,55
103906610,1323170,92,106
103875043,1300303,75,83
103862142,1328371,114,137
103899125,1289637,35,94
103902682,1298333,126,107
103859293,1288636,61,81
103884419,1321203,30,133
103882129,1308548,99,115
103862160,1319335,119,131
103877991,1299898,11,142
103906702,1324179,121,57
103890239,1324696,124,134
103916004,1284890,116,73
103887247,1326275,138,130
103891378,1327959,54,97
103905384,1298250,75,135
103894115,1300034,16,92
103868815,1290076,79,124
103891431,1312231,6,134
103915328,1307606,99,107
103865093,1321764,40,143
103883313,1288815,2,130
103909976,1306449,85,66
103898191,1301752,116,84
103877999,1316111,85,130
103892308,1294238,133,76
103898949,1300613,95,72
103856990,1318538,100,142
103866125,1311535,0,141
103902178,1303589,105,136
103879423,1305740,49,76
103913935,1321738,141,91
103908729,1307564,66,126
103890120,1299573,14,131
103855475,1290187,131,112
103893182,1294981,79,110
103879297,1288800,108,81
103911341,1319937,44,111
103858128,1327643,9,140
103908731,1302422,36,138
103861650,1313253,31,132
103854119,1302301,94,107
103858187,1318615,143,140
103878427,1321943,101,89
103908236,1293466,116,44
103869020,1310616,112,139
103915330,1298875,129,51
103897295,1299237,10,124
103893156,1286829,141,114
103874256,1289699,79,96
103904357,1308520,27,140
103910059,1295126,91,120
103910245,1304942,99,93
103898016,1305233,131,52
103903074,1299567,72,144
103861489,1330527,20,118
103897743,1289176,121,90
103875267,1298835,88,107
103905379,1326479,130,114
103870762,1297873,52,137
103878274,1289062,115,118
103910300,1322772,73,108
103898649,1327504,100,144
103860294,1322690,100,141
103865968,1330961,99,139
103911261,1330246,58,122
103891855,1323157,62,96
103873750,1295649,52,103
103913414,1300591,74,100
103890386,1324174,104,12
103912874,1310073,99,114
103855042,1323573,93,79
103856304,1323792,6,77
103863180,1285693,98,109
103900482,1309597,120,43
103891608,1296613,88,84
103886091,1329906,8,138
103889309,1292926,72,66
103876423,1313204,2,133
103908812,1304349,143,132
103891381,1300501,68,106
103903244,1307273,53,143
103867778,1326196,112,124
103886522,1292897,6,142
103911176,1308094,45,130
103868107,1297471,122,137
103878058,1294134,139,47
103873132,1289009,70,98
103866206,1314919,111,127
103914105,1303703,139,106
103884799,1326113,18,133
103895034,1291488,96,140
103871235,1314418,104,143
103872247,1323144,95,49
103858692,1295754,7,118
103864045,1302047,94,138
103899456,1287752,138,144
103854558,1330139,103,97
103882120,1288128,50,111
103908841,1292717,106,25
103860472,1287617,91,101
103889566,1293339,41,66
103894815,1326494,73,107
103872694,1288759,141,62
103903360,1298904,23,96
103870109,1325103,31,134
103892611,1285434,109,124
103907411,1306435,18,141
103863555,1313725,20,129
103892812,1322597,138,80
103870700,1314159,142,129
103870075,1309248,8,114
103875766,1297441,99,97
103889599,1306496,13,102
103856500,1312805,17,98
103859505,1301678,41,98
103859334,1310925,136,69
103858813,1293445,49,58
103872400,1286313,76,90
103863873,1329163,19,140
103902095,1303542,94,136
103879111,1286500,72,143
103855203,1301777,36,77
103908920,1285120,132,126
103864872,1294153,65,133
103909463,1316020,23,90
103882316,1292304,105,131
103875049,1311094,48,127
103867378,1301467,63,124
103913343,1307084,78,105
103892215,1308265,36,52
103916740,1329906,8,111
103858460,1325928,21,90
103899483,1296545,0,115
103885722,1315104,118,135
103893789,1314114,65,119
103916612,1309550,51,81
103873659,1286962,117,128
103898507,1300456,140,104
103867916,1326940,100,85
103869932,1304501,136,107
103867789,1312453,98,108
103868656,1323749,140,121
103881597,1303824,108,30
103894662,1296224,58,42
103854138,1314808,52,108
103902414,1311718,59,125
103858363,1290928,76,141
103879253,1290587,27,117
103870729,1289142,35,91
103907657,1303563,141,77
103896955,1307667,22,142
103881793,1323954,111,108
103882178,1286734,47,122
103889561,1296494,96,116
103909037,1295983,11,136
103905790,1297945,13,39
103881241,1294738,31,137
103858299,1311232,102,65
103899061,1299513,143,144
103907053,1311086,19,126
103861072,1313677,15,113
103895517,1288332,37,104
103878573,1318399,25,140
103904265,1299870,95,45
103860281,1298565,31,103
103863919,1331015,15,109
103911634,1305047,63,90
103909489,1308907,83,131
103857545,1301981,23,102
103887288,1322491,15,108
103905921,1299136,88,141
103894424,1329246,86,112
103881803,1302546,105,129
103874554,1317379,101,69
103903046,1295985,123,126
103877573,1292305,83,102
103882514,1287158,85,131
103911950,1329590,97,135
103892505,1329216,56,142
103914188,1314175,33,127
103884757,1291857,142,132
103873453,1299860,39,71
103889457,1302837,4,142
103857656,1328092,38,135
103869184,1307995,135,125
103905029,1325942,50,138
103912953,1323715,101,137
103910687,1328873,115,77
103896320,1319147,57,119
103916214,1297177,123,119
103888406,1325261,130,106
103900831,1313082,71,105
103899513,1314189,31,143
103900226,1306865,102,130
103862018,1321265,57,107
103912460,1298491,114,57
103889237,1320042,125,121
103897200,1325492,1,49
103909072,1318089,141,133
103878920,1328607,37,139
103866380,1288278,120,78
103879760,1284978,36,72
103872841,1320983,113,93
103903490,1330302,116,108
103860552,1298565,51,99
103900030,1315204,23,40
103906375,1317536,39,61
103884758,1288799,132,126
103906794,1301677,18,107
103906021,1294091,127,142
103880293,1297230,5,140
103857005,1326772,28,139
103869847,1285517,111,139
103864071,1301795,129,50
103883796,1311484,57,143
103881450,1298095,13,45
103903948,1287774,74,106
103902099,1289571,8,135
103892726,1323245,121,98
103889876,1328959,106,124
103900166,1316137,29,54
103914368,1324906,82,126
103875597,1292303,2,134
103884457,1329754,137,125
103895111,1318457,139,127
103908904,1323741,36,119
103906276,1308339,52,142
103911550,1287667,33,114
103876823,1302995,107,114
103898173,1290270,12,83
103856023,1299241,138,144
103906473,1303512,71,123
103914367,1310382,26,46
103880362,1291897,94,118
103902406,1291411,21,82
103896445,1294528,123,121
103872343,1290586,44,128
103906871,1295071,10,139
103890647,1299227,67,95
103864591,1297457,68,81
103909684,1292603,55,109
103917107,1311403,80,40
103916952,1325540,14,103
103898222,1323205,27,41
103862767,1291630,35,110
103912429,1321079,27,144
103903304,1295755,35,140
103874819,1328608,5,76
103902697,1329203,49,119
103888165,1330161,10,116
103878944,1312636,59,128
103878792,1302288,123,73
103859460,1294283,54,132
103868979,1309183,135,125
103907506,1288086,74,103
103893323,1302589,61,92
103871862,1323225,35,98
103857970,1322169,142,119
103889197,1288815,6,143
103913863,1316110,29,47
103899608,1323077,19,111
103892356,1316969,60,110
103877898,1322944,131,128
103897053,1323178,36,90
103894348,1311721,0,99
103916021,1317616,97,117
103906231,1296004,42,43
103894900,1328732,99,121
103900786,1329368,31,138
103916148,1315307,132,24
103908357,1297630,8,111
103891888,1290981,50,57
103892824,1305972,22,142
103914837,1296784,140,142
103913093,1315331,7,44
103872687,1317171,126,143
103910573,1305268,136,55
103877159,1315871,126,94
103863075,1321751,1,48
103904162,1313237,123,112
103888702,1323159,119,104
103909252,1310644,61,143
103857669,1319177,3,82
103874515,1297497,109,131
103869930,1311769,112,59
103857968,1329899,46,90
103892002,1285474,64,132
103867237,1327100,19,69
103878999,1323937,116,97
103899600,1312008,93,84
103900094,1321820,124,143
103881277,1318725,95,135
103894214,1325442,20,73
103891033,1300293,26,140
103913140,1299806,59,123
103874429,1293651,128,135
103904241,1316110,7,29
103906067,1286611,83,140
103912761,1298108,21,132
103859496,1306836,59,67
103879851,1299239,19,141
103866414,1302008,65,123
103885307,1292456,75,117
103863556,1304790,24,144
103864999,1305642,5,86
103855620,1314503,96,119
103860245,1327411,29,122
103875936,1293171,41,106
103900161,1310198,13,38
103862276,1317124,56,128
103890139,1299829,138,110
103861944,1292083,132,88
103872702,1310764,88,22
103880168,1288079,19,98
103904506,1290851,63,136
103879847,1306267,108,111
103896539,1299160,51,140
103889530,1329003,106,93
103877570,1288046,8,132
103877137,1317119,140,33
103912532,1305622,133,68
103869678,1301585,88,117
103910991,1313212,27,137
103858003,1330901,111,142
103910082,1318294,56,102
103900449,1314628,108,107
103853995,1322695,139,102
103902183,1314612,84,135
103874373,1292803,31,110
103912235,1327719,40,143
103894604,1284899,31,60
103870770,1313196,40,121
103869012,1296387,107,128
103904966,1295776,95,142
103868623,1322656,60,134
103862965,1313763,143,139
103885317,1323291,92,99
103897761,1325771,111,88
103895980,1327990,60,127
103875844,1288578,48,125
103892821,1298686,68,107
103894745,1301113,105,83
103905527,1305909,92,135
103855062,1301658,99,140
103914775,1305776,119,131
103871606,1327177,119,61
103865841,1308599,97,144
103886903,1292223,65,105
103912650,1304935,71,123
103877094,1318672,52,124
103916417,1296003,130,95
103858731,1301772,6,80
103860804,1309264,67,139
103908963,1286018,103,135
103914258,1305283,19,114
103913599,1323373,121,131
103880793,1299171,113,137
103859104,1298609,46,142
103912324,1326043,96,15
103903051,1318363,125,140
103860664,1300729,137,142
103874342,1289507,66,55
103863841,1326688,109,117
103888269,1322246,90,129
103872340,1326012,51,138
103910988,1300121,97,41
103910467,1307622,25,137
103873444,1287263,21,119
103863430,1325831,83,133
103866662,1285027,38,141
103869581,1289293,87,142
103895030,1325052,95,123
103890447,1291400,136,99
103892691,1300826,95,144
103890237,1315485,74,140
103865937,1329872,116,143
103910583,1292827,30,143
103888930,1311469,116,126
103895264,1304851,41,93
103892727,1313756,122,144
103868767,1306926,33,129
103906828,1328969,104,131
103908080,1293671,110,95
103895021,1326083,70,73
103874383,1300243,16,143
103862575,1285177,127,39
103901671,1315981,100,39
103857737,1319924,119,68
103862169,1293530,22,88
103875644,1301845,54,122
103880221,1325065,129,137
103873141,1289627,127,79
103895447,1298790,76,95
103900922,1312701,122,137
103854261,1285404,115,110
103863733,1311609,77,139
103913964,1292256,6,116
103906379,1294139,63,37
103914722,1326593,85,126
103866089,1294973,77,135
103867840,1325018,22,78
103916541,1310653,64,130
103874494,1291378,16,140
103915989,1287671,13,74
103873586,1306984,111,144
103886887,1301967,93,123
103865358,1318105,39,35
103884314,1309940,41,72
103887520,1320655,133,52
103897851,1286920,70,13
103893756,1294646,55,139
103874393,1290019,5,127
103893219,1331141,84,101
103865458,1299024,139,138
103868340,1291451,21,137
103854721,1298156,3,134
103874745,1315985,50,105
103893700,1305598,40,121
103904878,1319371,9,111
103862741,1318526,125,136
103861827,1330999,65,143
103899689,1322074,48,126
103916042,1299526,40,139
103892385,1297417,0,128
103874381,1303601,74,124
103867639,1318743,126,141
103885634,1312972,131,102
103863017,1305933,114,109
103889245,1291888,91,131
103893389,1317108,85,83
103900010,1314316,31,53
103870529,1300600,135,105
103856793,1302414,123,93
103913949,1330715,1,141
103876017,1305138,65,124
103867446,1308468,109,82
103891072,1298537,31,28
103908535,1297654,110,118
103898542,1318807,50,85
103867521,1301382,91,82
103902373,1294072,131,110
103865894,1289743,84,141
103887166,1308140,97,128
103877741,1305389,15,133
103879435,1315320,87,144
103892502,1327343,139,106
103890935,1327631,11,119
103875087,1307471,128,142
103914614,1297596,59,144
103900702,1294200,97,126
103915036,1296682,106,87
103896406,1313913,115,135
103906008,1309824,143,119
103862134,1290152,140,67
103913685,1300143,102,126
103862656,1325559,14,109
103911336,1328738,24,69
103885732,1288415,119,35
103874832,1317044,69,143
103894360,1299522,42,109
103873587,1299142,138,131
103856476,1314098,76,143
103913464,1286013,104,25
103869937,1294833,43,63
103888108,1295016,120,107
103873324,1321628,84,126
103910513,1291741,106,126
103907837,1313355,110,29
103855646,1316687,60,94
103916048,1308563,85,111
103856426,1296389,138,144
103862010,1298513,56,144
103854525,1312036,4,143
103907533,1318193,75,132
103889524,1319808,82,125
103885681,1290537,135,142
103887253,1298494,126,135
103911904,1302278,81,138
103882551,1308751,127,126
103907152,1319267,31,105
103854001,1313837,127,65
103898689,1310897,50,27
103882923,1328360,4,130
103884280,1305212,111,104
103893414,1284553,17,104
103872213,1291536,37,93
103878361,1328909,49,129
103897227,1320036,30,79
103901101,1319969,124,133
103879702,1307064,135,129
103905053,1295923,89,140
103866673,1315450,9,110
103859315,1295083,80,72
103897665,1286566,82,135
103874611,1310242,112,102
103856408,1307425,49,142
103857808,1327527,114,97
103880568,1328524,81,134
103854456,1308212,73,114
103862624,1303710,89,123
103911125,1301633,36,137
103911503,1297946,76,127
103907281,1307544,91,134
103901722,1326279,81,56
103909159,1286136,112,139
103876028,1323878,122,144
103910100,1292064,133,58
103909823,1306363,37,139
103878789,1284689,22,121
103905131,1286409,32,92
103881536,1323653,105,63
103856726,1292453,108,120
103892071,1318922,108,130
103866994,1323925,140,132
103903052,1320470,119,45
103854204,1296707,67,63
103912802,1328513,29,120
103898663,1318418,21,120
103883654,1301513,70,130
103855334,1305195,79,134
103867900,1324953,116,11
103872406,1329766,117,60
103904259,1321070,114,139
103896307,1300652,118,131
103912460,1296082,19,108
103915018,1311363,91,139
103873898,1324413,27,130
103856092,1317479,60,119
103901209,1329966,130,117
103914304,1292330,46,110
103885978,1314436,103,144
103865760,1310597,123,87
103863825,1314865,60,94
103894721,1319133,55,128
103866817,1288624,112,142
103911288,1329683,46,81
103903606,1314490,35,113
103898522,1303438,51,71
103892184,1330337,31,137
103859947,1302758,27,134
103854469,1327737,132,118
103905340,1312794,95,128
103872921,1330722,11,78
103890978,1293440,107,95
103904883,1308277,55,142
103916791,1331182,68,132
103855487,1308704,99,140
103902616,1322986,75,130
103915875,1304872,13,135
103880000,1305325,141,140
103867876,1315480,95,133
103910815,1314356,116,103
103859365,1327051,134,108
103872998,1290501,125,140
103907328,1302354,53,136
103897478,1292265,74,142
103873196,1325688,35,107
103860419,1329906,90,81
103867704,1307952,30,92
103889676,1310665,8,143
103873911,1305227,138,130
103863191,1318548,62,138
103912402,1300519,67,87
103857907,1317677,9,110
103908680,1285861,61,137
103880507,1325806,93,111
103862204,1322535,94,132
103880338,1296242,112,116
103876995,1307598,71,56
103854069,1297800,93,96
103899945,1299338,33,32
103912426,1308403,52,83
103862447,1300990,131,140
103897190,1326382,5,70
103856902,1303025,86,126
103910019,1289986,31,111
103872034,1311841,80,139
