103788105,1315493,112,99
103764176,1319988,122,143
103743043,1316247,123,106
103727991,1293090,15,38
103787132,1299882,6,134
103780173,1308096,50,95
103773567,1323440,120,57
103778143,1300788,122,95
103765062,1330967,59,135
103765797,1298649,134,112
103780501,1325675,0,122
103765000,1308860,61,16
103764535,1318360,48,11
103759669,1310962,132,142
103752859,1315012,134,95
103744638,1320883,131,128
103760791,1324015,108,88
103729696,1310761,58,127
103770697,1314694,137,144
103780507,1315753,84,134
103755615,1298504,102,98
103744779,1301027,56,139
103745842,1291925,38,143
103730924,1298096,25,120
103741784,1324854,10,125
103757867,1288162,14,140
103783964,1320900,53,138
103787600,1322825,7,86
103767009,1298829,139,141
103737354,1295228,31,123
103773029,1291138,5,144
103789128,1293772,42,144
103761297,1297862,82,107
103752515,1309476,134,112
103770856,1319653,34,64
103774869,1308351,98,76
103782170,1329773,132,105
103740594,1286412,31,129
103753720,1326381,49,143
103767351,1328761,82,92
103771152,1319913,115,56
103735945,1285179,6,138
103734223,1291395,30,82
103778631,1284757,90,134
103745235,1325786,84,82
103767637,1311647,48,110
103738604,1312017,100,132
103775961,1316767,130,136
103741238,1316148,137,135
103739789,1294306,123,134
103735820,1330636,20,104
103789750,1302269,44,128
103778812,1302553,114,90
103756583,1298791,26,140
103760953,1295277,15,129
103747080,1319079,78,141
103789175,1301614,119,114
103731339,1299453,100,108
103781024,1322311,109,132
103781333,1324394,7,113
103762471,1315983,3,140
103754295,1316298,15,142
103784356,1294699,110,70
103771777,1302872,131,134
103763319,1325713,139,144
103769850,1286749,38,139
103756196,1299434,29,14
103733492,1311573,67,140
103781345,1308042,16,112
103733040,1286517,102,140
103739586,1321839,27,135
103773039,1316678,122,117
103741130,1324530,77,36
103789655,1325282,67,98
103735640,1322057,49,6
103783809,1329585,54,121
103738409,1329662,137,132
103780318,1293832,34,87
103728949,1314619,71,139
103777188,1322542,89,139
103732380,1324751,49,38
103769172,1287103,35,98
103763402,1320330,125,120
103746397,1302501,49,58
103742676,1295876,82,73
103786177,1327885,66,130
103743305,1295802,91,140
103763667,1313347,123,142
103754346,1311764,33,136
103764835,1305504,7,46
103769411,1324196,0,126
103760620,1310501,25,32
103748389,1299006,64,51
103741462,1304790,35,140
103764865,1296661,19,57
103740409,1324728,37,73
103733019,1309913,17,133
103761805,1307024,89,114
103737956,1307776,74,128
103758774,1293438,43,27
103784280,1326221,29,105
103769621,1287820,72,133
103765666,1299605,102,102
103734819,1315820,132,143
103785611,1297326,135,117
103748288,1312990,100,144
103763026,1285920,104,133
103744374,1306564,94,142
103777957,1291775,50,143
103771515,1325786,31,144
103771490,1313242,4,28
103740666,1309905,138,106
103778851,1309716,16,94
103746649,1314954,25,97
103772792,1324162,118,127
103756784,1319316,116,118
103747791,1318204,121,67
103774935,1289091,10,62
103784134,1306922,117,74
103736235,1310677,20,140
103752795,1290337,68,70
103752787,1324215,13,73
103731113,1289043,53,123
103740461,1327680,139,133
103767308,1303582,67,113
103728703,1300064,113,136
103762974,1306471,76,99
103769709,1294514,128,124
103738080,1294448,138,130
103736649,1301626,90,140
103757068,1301133,24,119
103728792,1313381,101,135
103744137,1328290,22,138
103759180,1324548,138,139
103778426,1292167,111,102
103751310,1323527,23,52
103731640,1287799,12,69
103777988,1317598,77,43
103766404,1290099,59,141
103773180,1288786,141,144
103783416,1317154,11,140
103764757,1293359,73,135
103783351,1295033,96,101
103742358,1315731,19,53
103736514,1314545,49,109
103741341,1326180,65,132
103758747,1300277,101,126
103753744,1292841,0,131
103760384,1288454,77,107
103780034,1297544,88,100
103751590,1322470,112,83
103738365,1322421,22,14
103745853,1313970,141,144
103735880,1329866,127,141
103733939,1312060,84,66
103767210,1319020,4,129
103763414,1300322,18,138
103786013,1291827,23,114
103779457,1286225,143,143
103758098,1298923,79,64
103763278,1315070,73,142
103766144,1327062,20,139
103742835,1314592,43,88
103751348,1318920,129,36
103779936,1300174,124,44
103728146,1293698,127,68
103785763,1312920,121,97
103781863,1291679,79,123
103739700,1303774,4,126
103738965,1308199,20,110
103768677,1329657,56,81
103774095,1326966,106,140
103782847,1314194,18,105
103775132,1286701,49,82
103728267,1330216,121,143
103750763,1309063,121,114
103757216,1329764,113,60
103738937,1287723,139,127
103781011,1298766,18,66
103756703,1286652,8,99
103744540,1297849,63,141
103789655,1330412,75,129
103750794,1294935,76,127
103785689,1313488,22,144
103774559,1288274,67,104
103745667,1288408,99,123
103753930,1311532,66,109
103739253,1284701,89,111
103765757,1311628,37,22
103785716,1309449,101,140
103773451,1309580,25,63
103743362,1328093,127,137
103739370,1319921,27,111
103755080,1329075,52,18
103767762,1310097,52,100
103763939,1290437,50,103
103741248,1297279,48,116
103756958,1302053,56,15
103767730,1299016,2,144
103736434,1298901,123,134
103735947,1293205,83,137
103736714,1295661,63,138
103739821,1313929,70,142
103728308,1328208,14,83
103785423,1286001,32,136
103772980,1313701,39,143
103789488,1290772,78,134
103734341,1301045,129,125
103769586,1324712,124,121
103756265,1324137,43,88
103746193,1302646,44,123
103731344,1322094,48,47
103781631,1289961,134,125
103788777,1305685,131,105
103772354,1315193,108,139
103750707,1329872,11,141
103758647,1320208,108,132
103753941,1285960,100,99
103753009,1313970,72,81
103765357,1295108,26,134
103771265,1307816,86,132
103765182,1297555,43,136
103770660,1305046,0,72
103735779,1315923,104,120
103787670,1324044,70,90
103739776,1295665,142,104
103769020,1323268,121,106
103777590,1299726,130,141
103767385,1326449,127,139
103765633,1286323,119,139
103767813,1286427,130,116
103781990,1310727,113,117
103729651,1325966,126,142
103731557,1308852,93,111
103751649,1297203,94,91
103739528,1298899,111,64
103731953,1313749,107,132
103789481,1315030,85,108
103744581,1314201,20,114
103748264,1303802,90,83
103780232,1309679,98,118
103735160,1293388,23,109
103768577,1325701,45,117
103734833,1305886,136,129
103786737,1309511,45,143
103772011,1324272,13,143
103756336,1288383,100,119
103766671,1329679,36,131
103781457,1329436,38,98
103780295,1286260,31,131
103790060,1298338,135,79
103731067,1318850,119,143
103765103,1300282,100,140
103757041,1299480,73,104
103769280,1288528,55,55
103786064,1309049,47,144
103758268,1322616,37,112
103773773,1308479,53,121
103780482,1315552,96,72
103754994,1301503,7,128
103754383,1288193,35,144
103773597,1291489,76,86
103733510,1295765,113,79
103756139,1296209,112,128
103729460,1303119,85,73
103739730,1290933,117,140
103736057,1318777,71,143
103755702,1290223,128,107
103738278,1289636,91,68
103737320,1285274,120,60
103761508,1302387,15,133
103785300,1310751,110,62
103781752,1327961,54,106
103760848,1292314,54,137
103761640,1317022,33,111
103786193,1324120,90,115
103778517,1328431,94,141
103744174,1294736,85,113
103782118,1303685,97,83
103727671,1305172,65,125
103732182,1307415,140,131
103780418,1311355,63,76
103752967,1329799,101,129
103752577,1303775,21,77
103781840,1288170,107,80
103756277,1287527,20,124
103774205,1302073,16,142
103733939,1320395,8,133
103732774,1288445,79,89
103779714,1321437,115,133
103775285,1299492,37,109
103728791,1286552,11,133
103745861,1310525,97,106
103768650,1310085,112,132
103744754,1324943,0,65
103778426,1294697,38,111
103738176,1285997,48,136
103777257,1295563,39,139
103743335,1306692,95,112
103766207,1305004,20,88
103750791,1302080,22,132
103786450,1313035,106,64
103734269,1304514,34,106
103759483,1320705,141,126
103751107,1313611,71,140
103750852,1287293,109,70
103755290,1318904,115,140
103751315,1298613,43,59
103741493,1301837,65,133
103787265,1287056,105,132
103761881,1285373,5,14
103736686,1303328,30,113
103751668,1292961,99,139
103751476,1292866,12,89
103776142,1330200,53,88
103774975,1304305,106,108
103764562,1305015,101,138
103740017,1292005,39,93
103781099,1320889,18,132
103731811,1316722,28,85
103738833,1296994,98,68
103733989,1312157,8,121
103773938,1314952,111,139
103752434,1324589,122,111
103736111,1304312,41,129
103762846,1311647,115,30
103741940,1286435,18,132
103771913,1310179,140,127
103776215,1325709,68,35
103740889,1317673,22,70
103786177,1301832,29,143
103773346,1329336,86,129
103730428,1315647,59,84
103776406,1301275,133,130
103777360,1293177,89,121
103748358,1323750,59,144
103737581,1291209,10,119
103790702,1305383,141,127
103746546,1296470,123,134
103765067,1290651,8,141
103739229,1329877,116,27
103790417,1296579,95,136
103733577,1326848,93,72
103789035,1308864,123,55
103755880,1315602,91,143
103769516,1304360,38,144
103728946,1304763,60,115
103746975,1325359,29,140
103755577,1316586,34,137
103772852,1317114,84,116
103731280,1319787,80,100
103764816,1325782,105,102
103745726,1330794,113,78
103758405,1294594,73,140
103769928,1316315,64,139
103788293,1306794,75,143
103750387,1307163,7,122
103765529,1314455,65,104
103750267,1286411,135,129
103755493,1314374,24,121
103782161,1300351,50,126
103736801,1289533,10,107
103735172,1293306,8,80
103788473,1300355,143,116
103737824,1300731,132,51
103744478,1327795,25,141
103751743,1319195,71,140
103751177,1288510,30,123
103728071,1307553,13,128
103787579,1301583,44,88
103735682,1322492,12,105
103780111,1303181,88,142
103790529,1290487,35,135
103752441,1317536,109,92
103786152,1289030,88,60
103767351,1316956,35,137
103751102,1289087,9,49
103769097,1310280,49,97
103763304,1315676,107,135
103760379,1310490,137,13
103750864,1293357,93,71
103761741,1313073,72,122
103775364,1318561,70,120
103753840,1293605,98,138
103772053,1285325,82,121
103784936,1299716,27,144
103768615,1298014,88,138
103738232,1322701,15,138
103766727,1313748,41,119
103746471,1309188,80,101
103774186,1324071,12,110
103774406,1311139,121,137
103763340,1323788,27,130
103764636,1286265,113,135
103761901,1307316,114,75
103736382,1288614,64,106
103743515,1296911,127,90
103749581,1302357,0,66
103787459,1324129,52,101
103766027,1296607,102,60
103767593,1299811,60,56
103749029,1313001,79,132
103757160,1323991,110,144
103758779,1310695,89,111
103765289,1295337,117,59
103760596,1326388,101,123
103771181,1322372,59,108
103730980,1285177,65,142
103780392,1288886,101,113
103748748,1311184,111,129
103786962,1317881,91,129
103787515,1298239,88,31
103759241,1316685,91,136
103755611,1286747,116,131
103765746,1331109,49,142
103739890,1311344,78,124
103780010,1314863,59,136
103789345,1306948,98,40
103781632,1325469,97,121
103773634,1293166,95,142
103754684,1305488,135,84
103764746,1308066,82,135
103731445,1294042,70,142
103753939,1329903,17,79
103744530,1292254,62,134
103780544,1319613,116,125
103771074,1306184,34,111
103736887,1298317,77,91
103781378,1310120,110,107
103778687,1307003,60,126
103760512,1328579,13,63
103741346,1327446,69,85
103738097,1293200,124,118
103746323,1308370,121,123
103729096,1322848,45,124
103737060,1319033,5,77
103784473,1314503,48,124
103728116,1305407,114,142
103728852,1330255,105,141
103755959,1310747,107,117
103745336,1295429,139,144
103743952,1304314,78,114
103731999,1303681,18,106
103762310,1320532,71,57
103774481,1286598,75,136
103778264,1303012,105,129
103754863,1329382,134,130
103730258,1324940,13,81
103751778,1297603,98,105
103752208,1325237,96,41
103783863,1288302,7,144
103735451,1306490,111,57
103743724,1293279,124,40
103761144,1290326,143,125
103767138,1315035,22,140
103730614,1287155,20,100
103750870,1298522,40,138
103790475,1286216,8,61
103758934,1287756,132,131
103778342,1323779,138,107
103772877,1298859,65,99
103743906,1320443,108,130
103763455,1308470,72,138
103769723,1287181,82,9
103743663,1329245,128,142
103738088,1303466,116,45
103748534,1290884,8,89
103774925,1309863,106,37
103732145,1330018,104,143
103729165,1314894,47,134
103755012,1325715,12,63
103740377,1317654,60,119
103752997,1303559,125,118
103762955,1301899,55,37
103777092,1303902,18,136
103729721,1326006,12,136
103776124,1319783,96,79
103730286,1311516,66,131
103733045,1321531,56,130
103740959,1285124,34,144
103744965,1317234,92,110
103779101,1324598,15,134
103757900,1313062,132,133
103731080,1315163,2,101
103766037,1330402,74,136
103785059,1299199,85,139
103761841,1291635,139,132
103761934,1325790,33,143
103729366,1288926,40,126
103788727,1324553,57,140
103750366,1311480,39,123
103741810,1321480,7,124
103728463,1301513,133,75
103740449,1289230,56,131
103768325,1309252,23,117
103727901,1316442,48,80
103787461,1314838,83,60
103776186,1325807,119,142
103760738,1292060,88,87
103754119,1289979,69,137
103774922,1314930,119,132
103773378,1328505,120,35
103751481,1303305,26,123
103771980,1299090,92,54
103783143,1302147,56,142
103772066,1311738,24,138
103777919,1319587,111,106
103732295,1286035,94,80
103757563,1318036,16,112
103790473,1327506,111,138
103780506,1306442,90,121
103728997,1292881,44,96
103774517,1295518,112,107
103734910,1286300,18,118
103731280,1296426,57,38
103762750,1303811,91,126
103764733,1300157,100,144
103739772,1314907,124,43
103756438,1306730,31,83
103788695,1321922,64,68
103733115,1303104,59,136
103740971,1298487,55,42
103733429,1311848,142,139
103727951,1330899,46,124
103782265,1292542,65,104
103762952,1289364,33,66
103743091,1290397,114,88
103746567,1312805,5,116
103732932,1310413,102,107
103727707,1316207,65,79
103771277,1306685,105,63
103789488,1318830,143,36
103768011,1330236,39,129
103771341,1290572,117,86
103733850,1323259,111,138
103746220,1299735,98,122
103740458,1301867,52,37
103737617,1323568,53,142
103736158,1314707,99,136
103735433,1301032,127,134
103745290,1324035,29,122
103789380,1315860,47,139
103770047,1298756,89,135
103765181,1315362,27,89
103733013,1310152,104,137
103763332,1329770,102,113
103771303,1323557,136,109
103764011,1326123,124,90
103778588,1303845,25,90
103756704,1304331,47,89
103740214,1297407,48,138
103755273,1289127,129,137
103767336,1315018,97,124
103729205,1324731,59,127
103762707,1297022,7,143
103766637,1311439,100,65
103756863,1294914,8,131
103772613,1296100,93,138
103745568,1328587,127,41
103727625,1323452,61,136
103747324,1322505,35,142
103737298,1286145,41,56
103770526,1330958,123,134
103762760,1330897,77,61
103778128,1330434,139,78
103730883,1326550,116,144
103787453,1299162,83,111
103763066,1318518,77,141
103742255,1288471,2,109
103743594,1330341,87,119
103778819,1311802,40,143
103780480,1325801,56,138
103749715,1325761,82,130
103732111,1322154,98,136
103752626,1295890,40,128
103751692,1287653,127,134
103763138,1319371,53,76
103748807,1320904,100,140
103786924,1298087,6,115
103780369,1285898,94,87
103731235,1301297,22,139
103740421,1310231,0,86
103769016,1304518,102,71
103765552,1329003,112,117
103746276,1325317,37,140
103759206,1327158,11,107
103789708,1300028,87,135
103759633,1316800,87,62
103741549,1308504,122,111
103772233,1331001,119,110
103756689,1287671,102,141
103786376,1326863,120,65
103730345,1324978,29,127
103733239,1315556,76,142
103731377,1309043,49,105
103789169,1291613,141,96
103768009,1321605,80,113
103728080,1289111,9,137
103779129,1318667,41,144
103775535,1319538,83,116
103757444,1296680,99,140
103762050,1330324,58,136
103783614,1318781,69,132
103755967,1287637,68,109
103731289,1313157,128,142
103734578,1310332,114,86
103777716,1326639,23,138
103727792,1311527,49,124
103744306,1306315,92,132
103734699,1294676,28,144
103752101,1323943,50,139
103734572,1284820,138,29
103750639,1301232,70,108
103776477,1297850,48,118
103751940,1297335,81,85
103762520,1316793,97,42
103752638,1306187,133,109
103728301,1306834,70,138
103758256,1285245,81,137
103753841,1286289,137,133
103776823,1302962,118,126
103774398,1326928,96,88
103736443,1309561,50,93
103787800,1301141,134,77
103775864,1317782,12,137
103735872,1298676,84,112
103767528,1297626,51,135
103766900,1319233,20,93
103748140,1291822,24,141
103739340,1329872,118,138
103731311,1301839,50,125
103760561,1310946,33,75
103786904,1329689,44,141
103754719,1308480,49,102
103759094,1294261,143,116
103759185,1319898,68,118
103736288,1302648,118,19
103747562,1312162,13,123
103759714,1328190,52,117
103769602,1285284,106,105
103742165,1322557,89,118
103746002,1328641,1,128
103781362,1325522,67,133
103764500,1293043,60,75
103773898,1298283,8,143
103783882,1312680,58,129
103783474,1294412,100,73
103768474,1324132,82,76
103786333,1330347,81,114
103759855,1327738,113,140
103767970,1312756,2,120
103779534,1295433,58,85
103731769,1330457,7,124
103767227,1327791,22,84
103733274,1301016,33,50
103749056,1326236,42,134
103760183,1309027,20,137
103779350,1309203,98,140
103758757,1291528,121,133
103746034,1299741,130,123
103744986,1293081,67,85
103789754,1296736,104,143
103789902,1296865,107,89
103768042,1313813,48,25
103745605,1299128,92,131
103750138,1314445,128,106
103760278,1295021,93,33
103728616,1303704,121,105
103741348,1325358,39,109
103757023,1303670,119,106
103774335,1287579,39,139
103780619,1298142,136,93
103751063,1328224,83,110
103769871,1309407,26,103
103754784,1293220,117,15
103783491,1297920,50,125
103763449,1312926,62,143
103756456,1292719,86,123
103743950,1310719,17,41
103749554,1314416,100,144
103736907,1322431,40,46
103770573,1301267,25,85
103731017,1318075,44,54
103748239,1319712,7,116
103770204,1286843,139,59
103783413,1288414,1,130
103768762,1297806,32,141
103769287,1318039,84,144
103753969,1311514,84,132
103734476,1324040,122,109
103777754,1325711,34,129
103742963,1321256,22,99
103753999,1295042,49,122
103748451,1315334,130,89
103751432,1293864,135,132
103790446,1322586,122,142
103787482,1319678,102,109
103758353,1304577,41,119
103772248,1297525,111,132
103762306,1289681,117,87
103741055,1328920,120,129
103771640,1325353,64,113
103739336,1328453,140,144
103767897,1305603,56,135
103784311,1314526,112,79
103769311,1290177,24,114
103757000,1313142,30,135
103783772,1285653,16,61
103763656,1306941,22,142
103756711,1310499,40,133
103755358,1313873,60,23
103753986,1309129,123,123
103764247,1322915,4,129
103741992,1326634,3,71
103738391,1297520,29,132
103762989,1298082,51,129
103728844,1317530,56,140
103731362,1313964,15,126
103738692,1312040,4,103
103746919,1296506,73,115
103752261,1330329,65,93
103727823,1291386,104,43
103746881,1305109,139,110
103764569,1311829,74,126
103761628,1292993,55,98
103772211,1295672,60,116
103785192,1331209,120,125
103740521,1330816,111,82
103779880,1310078,86,101
103747527,1319210,101,140
103763993,1329111,111,142
103763592,1313968,97,144
103788590,1293359,61,19
103753261,1289526,85,143
103768124,1323179,127,141
103758292,1331027,112,123
103737880,1287398,50,141
103751425,1284971,111,105
103730380,1293440,5,100
103750928,1306734,47,59
103735252,1310746,123,37
103780126,1306627,40,126
103758374,1310308,45,129
103756608,1295052,136,41
103738738,1289729,59,122
103761994,1306438,81,140
103742559,1326647,76,86
103757068,1294478,98,144
103754449,1296730,101,36
103735912,1323525,20,83
103778596,1293447,20,136
103732546,1323194,70,76
103765673,1324900,27,95
103760698,1293103,53,130
103729904,1327046,71,76
103753253,1328262,108,37
103761113,1312384,97,143
103786219,1323171,18,89
103765698,1320069,56,144
103788052,1289108,94,130
103773785,1329703,5,114
103769177,1290177,85,50
103764214,1310458,25,115
103763606,1306781,17,83
103751000,1322890,6,15
103762607,1312930,84,102
103788867,1285532,22,56
103735475,1294499,103,141
103731863,1288400,40,119
103748451,1312768,70,142
103779202,1301013,22,118
103768484,1316277,109,129
103776470,1284887,87,130
103749889,1326112,3,130
103768285,1315326,77,121
103772026,1294760,88,138
103747470,1284746,60,86
103743724,1315356,53,135
103731466,1331194,114,144
103747681,1303526,119,144
103767219,1308008,134,105
103764825,1309480,52,137
103742759,1294405,97,128
103739563,1285282,135,42
103760569,1308985,7,39
103790508,1329516,107,142
103728604,1298872,95,39
103784189,1322462,59,109
103769066,1321937,49,144
103768738,1284668,69,144
103749667,1314522,79,143
103773435,1306350,140,126
103782365,1311099,79,84
103741317,1312320,58,118
103744968,1327317,69,75
103772339,1297724,60,140
103743246,1296731,140,36
103730760,1303887,30,118
103766498,1324753,122,93
103728657,1311268,1,127
103772635,1298894,130,126
103785823,1308211,76,138
103763472,1309382,79,96
103733811,1301994,19,98
103737541,1315887,35,118
103762453,1307095,32,36
103728450,1325911,84,126
103732059,1318776,118,70
103763839,1316658,21,103
103769842,1322322,13,136
103747489,1297146,17,141
103771219,1304572,105,91
103739705,1308968,29,143
103740512,1303321,102,138
103755441,1298666,132,92
103759952,1326643,111,112
103757508,1314817,85,144
103765004,1309925,1,119
103733862,1315634,72,144
103738117,1321599,101,119
103778052,1287498,93,40
103786060,1329263,128,130
103752091,1300000,106,105
103771620,1309529,33,133
103786556,1299830,128,132
103777183,1299602,137,61
103778699,1320250,56,113
103770778,1319835,51,78
103734528,1289893,82,139
103754881,1329982,82,144
103732135,1322679,40,68
103748320,1325186,19,133
103785801,1318626,10,117
103759959,1302315,83,142
103729571,1301693,33,139
103735297,1307486,30,84
103737832,1305082,86,143
103766460,1310977,36,90
103731976,1320590,41,139
103767683,1302944,115,57
103755027,1323119,46,134
103758475,1315518,109,89
103758101,1312564,0,60
103739755,1317319,100,79
103732602,1312504,141,127
103770128,1326659,31,142
103774229,1316836,13,142
103740968,1309474,54,99
103733026,1308045,37,105
103761430,1305835,142,139
103746219,1329044,93,36
103775822,1324965,44,115
103770246,1293373,66,144
103727816,1315233,40,144
103790400,1287321,13,141
103775068,1296407,140,103
103773520,1291211,64,139
103782733,1296552,43,140
103783106,1284675,44,67
103789999,1313872,109,144
103769378,1297009,142,130
103739531,1316809,96,132
103783025,1323686,133,130
103740709,1311964,29,144
103764120,1330267,48,136
103778323,1297492,114,143
103781596,1322827,122,124
103781652,1287950,119,36
103733153,1315923,138,124
103728240,1317559,14,101
103786736,1295500,47,108
103738328,1291067,78,130
103787634,1326863,38,143
103770020,1312382,36,136
103768946,1312828,7,144
103749626,1294746,51,143
103755913,1330126,136,104
103733661,1311039,143,136
103741645,1306963,32,76
103788562,1313747,0,91
103730747,1311850,28,138
103763063,1303371,90,65
103733624,1325598,15,116
103733737,1316434,124,135
103733738,1329486,41,118
103735737,1304153,40,110
103751057,1296990,138,144
103739210,1316825,104,112
103754515,1298387,134,138
103737855,1313039,90,96
103760905,1287258,122,85
103784622,1316317,78,102
103743089,1309341,5,107
103748063,1318771,7,98
103785927,1298027,45,143
103738561,1291516,45,140
103746413,1315394,114,140
103745531,1290719,125,115
103755379,1329205,44,132
103728840,1302871,99,135
103755335,1313336,116,114
103741137,1293756,38,137
103749464,1297012,116,132
103742766,1308402,39,144
103754947,1287930,13,141
103744403,1309591,12,113
103784559,1311438,72,144
103773745,1300588,29,18
103776799,1290092,11,60
103751455,1328326,74,93
103762135,1302186,129,73
103746798,1317286,3,138
103776058,1322388,116,70
103740441,1317953,53,118
103761974,1319542,32,87
103765859,1297777,42,59
103773605,1287868,59,132
103765220,1300767,104,46
103734999,1308580,109,105
103732123,1290652,139,122
103733511,1298929,60,133
103730434,1301259,114,125
103771880,1288056,65,139
103752194,1313884,74,112
103763023,1324025,100,117
103727641,1305967,122,143
103761088,1325111,83,98
103782751,1292058,15,40
103762474,1296664,113,125
103790168,1314825,33,140
103731491,1292699,42,107
103776110,1304444,63,133
103778049,1303021,10,144
103772995,1328535,115,124
103749161,1297651,53,75
103785781,1302926,44,142
103746497,1288914,36,132
103742204,1324616,64,132
103777665,1301259,110,144
103740999,1299194,69,121
103785500,1314537,141,138
103750928,1308342,118,131
103772305,1302408,108,122
103790421,1307215,101,132
103748207,1297666,13,138
103769532,1284744,15,94
103748728,1306893,71,137
103756577,1295914,105,121
103771882,1324287,140,134
103738370,1305393,109,125
103783687,1307022,97,109
103781602,1317097,26,144
103728380,1321205,36,104
103741016,1312823,16,100
103747716,1301901,75,108
103727765,1292022,89,125
103771710,1325029,29,142
103756119,1307957,102,90
103739412,1293059,31,103
103755686,1291385,47,139
103728338,1307822,77,93
103781415,1285748,111,79
103738882,1292333,108,144
103755279,1297645,134,77
103749176,1319269,88,107
103773761,1314687,75,20
103735357,1318180,5,92
103763090,1303191,104,137
103746878,1292032,96,113
103761515,1292596,82,25
103750622,1286429,130,141
103776178,1294716,76,136
103741230,1327464,75,113
103755603,1303479,73,26
103766292,1324501,115,70
103755729,1328241,32,131
103747056,1321180,79,112
103753208,1315385,122,61
103739821,1289420,52,144
103728406,1331071,115,94
103787531,1310540,63,142
103732090,1290052,42,140
103778916,1318642,69,136
103790280,1308793,96,124
103787850,1307478,118,127
103785394,1311067,0,81
103763095,1314590,18,141
103752263,1284759,90,114
103729244,1293222,77,126
103730198,1319044,69,132
103784810,1286892,22,85
103785779,1313932,101,132
103787775,1313543,136,82
103751385,1317513,127,107
103751687,1318766,126,130
103766033,1303577,54,93
103763380,1284935,47,105
103780880,1288211,46,137
103755692,1293825,5,105
103744601,1324199,104,106
