103988805,1254624,10,104
104008668,1262860,21,71
103994934,1265969,74,126
104003674,1244831,51,132
104001819,1267508,35,91
103984895,1245108,28,127
104012191,1257163,89,111
104040753,1281106,61,69
103991699,1244203,47,127
104031873,1283889,7,126
103987270,1272443,140,138
104027312,1270575,55,60
103989234,1280849,108,122
103995243,1270534,41,54
104013644,1281892,16,112
104008592,1256933,98,63
104024666,1258597,135,144
104018904,1272348,21,101
104019716,1246392,91,124
104003652,1268538,94,144
104004627,1267694,127,114
103981559,1239229,47,144
103998218,1274347,3,58
103994567,1247541,2,61
104024671,1263400,31,125
104040350,1250034,64,116
103980645,1282332,18,117
104029588,1242666,60,144
104026639,1247918,140,105
104013849,1261529,36,139
104004116,1280156,46,87
104032228,1253579,66,135
104026942,1238936,97,113
104035010,1244036,125,112
104029293,1283255,21,84
103992248,1264961,36,71
104033939,1248253,76,96
104037338,1256889,26,122
104016951,1263817,127,102
103990946,1258636,125,140
103992844,1247077,133,141
104034120,1258306,83,131
104002287,1265444,0,54
104037501,1252248,18,139
104022341,1268742,34,133
104010953,1252742,32,123
104018159,1250650,43,96
104014275,1276643,139,101
104022296,1241247,39,127
104037595,1273727,27,140
104020273,1262135,130,144
104026583,1258695,77,104
104015027,1266191,8,125
104025222,1266567,19,132
104013288,1243947,101,64
104034828,1274568,94,111
104028367,1260043,55,135
104036850,1251202,48,132
104011597,1281484,120,120
103982614,1282832,114,139
104006841,1264290,35,82
104040074,1251469,38,95
104021262,1270567,61,142
104027444,1255976,50,129
103986325,1278579,59,123
104024212,1260485,11,124
104015623,1277415,142,143
103997769,1240860,98,139
104034110,1246704,47,134
103996484,1274400,10,114
103984774,1248565,124,84
104028706,1280458,7,19
103997660,1255388,63,72
104001146,1238854,46,89
104032779,1284131,140,140
103998101,1246666,25,144
103993036,1273535,10,139
104018693,1267376,123,125
103993821,1278209,85,77
104018446,1271476,30,140
103989349,1245052,105,122
104003682,1264862,36,111
103986718,1282887,33,73
103999570,1271611,81,109
103984249,1259575,4,128
104012336,1267895,20,93
104018881,1266654,47,93
103990379,1266614,114,112
103980606,1273359,110,135
104026785,1243535,96,138
104034911,1270851,90,138
104032464,1269020,29,122
104007532,1271583,84,114
104035616,1280496,109,108
104032435,1278025,22,139
103988560,1245608,139,118
104027167,1282703,72,96
104023597,1261681,47,102
104003940,1273446,76,37
104037918,1275841,38,121
104037579,1238096,87,126
104020503,1253537,92,123
103995843,1239788,41,140
104042943,1240592,2,143
103993892,1279840,77,142
104013825,1244512,136,118
104005764,1243544,19,101
103997676,1263377,21,120
104034486,1265297,6,112
104035721,1282991,67,81
104003546,1274415,57,92
104005814,1276880,72,84
104021261,1253459,120,97
103998722,1283498,9,91
104022680,1249068,36,107
104029838,1256691,142,126
103995582,1242398,127,140
104017770,1262476,81,108
104020796,1253922,62,83
104037011,1249905,72,122
103992801,1241789,102,115
103985317,1279552,126,95
104043161,1244996,131,101
104039553,1282166,41,139
103995456,1256965,54,107
103994314,1250876,123,63
104035075,1269395,98,127
104024043,1275180,61,125
104021802,1245846,53,82
103985449,1247203,138,144
103982124,1242386,48,87
104022835,1274618,20,134
104003293,1238976,7,90
104043354,1239308,108,120
104033578,1273737,96,83
104041179,1264596,4,110
104009851,1267904,138,138
104015526,1257797,9,91
104021295,1281957,116,141
104031601,1282564,49,78
104002227,1253193,17,17
104021578,1245968,86,95
104016315,1276484,56,130
103984070,1269816,41,115
104002041,1283404,141,122
104001892,1262523,12,126
104017336,1278236,91,125
104028480,1242298,74,95
103997787,1264111,133,127
104000284,1238285,137,94
104000586,1244573,73,131
104020558,1263342,104,115
104020838,1252670,18,125
104004618,1263266,129,95
104017279,1272781,99,139
104000011,1267208,1,138
103985897,1258646,73,131
104021926,1276668,99,103
104019980,1246213,55,128
104031927,1263193,29,142
103981059,1249740,12,143
103980812,1262238,66,132
103990772,1251067,92,103
103983675,1259496,110,114
104007470,1246870,20,131
104037528,1262670,65,144
104032890,1270629,24,70
103997051,1251794,5,84
104032087,1279327,64,139
103992225,1244915,74,127
104017107,1250448,37,81
103998798,1279107,0,77
104008777,1246227,48,10
104028362,1238892,54,134
103984651,1243126,66,35
103988159,1249616,121,87
104013602,1276993,49,113
104035238,1269601,71,105
103992285,1238723,100,71
104040172,1270326,72,136
104004052,1237906,69,122
104023190,1246145,40,139
104024139,1275976,19,133
103989450,1243543,67,108
104005710,1270598,112,93
104031053,1255493,111,144
103987152,1244656,91,40
104037999,1248837,110,112
103997767,1250117,19,103
104041246,1242215,124,137
104018985,1271187,140,123
103994146,1241739,18,105
104032949,1257530,119,144
103996339,1246106,117,142
104024436,1271997,93,134
104019487,1240066,113,126
104017011,1264383,86,92
104042245,1241968,87,36
104016854,1282792,128,96
104000160,1246683,121,142
103991745,1246056,0,128
104024260,1263169,104,105
104019745,1265276,91,73
104034434,1240963,8,79
104018491,1264226,84,124
103995031,1272373,91,140
104030292,1281730,93,83
104038904,1259866,99,70
103988601,1265079,9,71
104033564,1276938,88,122
103980698,1261669,91,140
104033783,1272020,75,70
103997184,1239215,46,96
103980699,1267792,34,59
104002470,1244006,20,42
104025782,1259774,63,132
104039238,1276790,89,144
104016284,1284063,67,86
104006595,1277879,98,139
104002800,1244593,100,138
104021965,1269992,107,142
104039525,1241336,94,54
104018451,1243888,70,95
103997582,1238072,65,105
104007486,1242997,31,95
104010320,1256086,11,134
103997640,1254112,118,136
103982027,1244223,25,122
103994873,1280381,98,144
103998077,1243100,109,53
103995616,1243501,11,57
104011075,1277057,127,117
104042673,1279416,129,107
104038819,1240583,75,67
103990016,1253176,105,95
104000163,1277408,23,134
104011557,1280554,55,139
104021889,1271252,139,19
104011948,1274511,139,106
104033791,1271921,126,137
104029081,1247445,15,93
104010745,1248633,118,107
104007161,1268637,127,143
103985253,1250351,140,140
104004991,1241994,5,119
104040293,1272411,118,144
103989653,1268484,138,91
103989032,1275280,82,140
103986692,1261443,74,29
103989596,1270618,110,135
104002928,1239132,141,88
104005106,1280232,21,107
104019872,1241512,41,113
104009019,1273835,124,143
104015362,1276660,131,91
104027672,1271636,94,131
104007087,1266921,69,71
104012591,1245810,64,138
103982336,1247826,99,99
104041780,1243626,19,106
104012357,1265963,56,127
103981367,1284536,129,65
104033269,1248490,93,103
104042916,1262822,5,74
104032915,1283512,36,133
104035787,1262990,132,137
104025171,1239388,29,142
103983971,1271515,55,88
104025964,1240761,136,135
104015230,1270087,109,131
104026914,1280842,94,144
103999636,1238790,27,138
104006344,1249649,47,54
104035129,1238636,43,143
104034475,1283867,137,136
104009502,1281744,138,143
104018194,1247509,129,142
103984348,1272022,130,142
104020575,1238042,53,93
103992938,1268061,39,59
104018821,1268642,60,136
104004765,1276149,10,143
104023112,1245796,16,92
104027620,1247666,73,81
104040243,1261724,140,133
104015401,1247369,113,16
103987350,1238085,53,92
104029757,1268138,87,133
104035908,1247265,60,105
104013108,1262872,58,134
103983003,1281337,31,61
104000497,1276703,52,120
104001459,1278422,120,137
104042479,1283778,140,48
104018941,1252476,71,84
104040478,1248454,138,28
104043235,1266531,54,109
103997463,1247213,5,125
103992964,1249087,62,94
104008198,1254616,0,118
103983640,1253923,67,48
104026536,1282426,124,128
104030746,1265277,48,101
104000253,1275038,81,44
104020737,1265798,67,124
104001789,1274956,69,142
104030395,1248429,6,78
104013452,1273873,130,5
103982309,1272714,126,138
104034674,1241434,66,109
103996262,1240488,133,141
104012109,1260827,98,122
104032431,1259214,112,76
103993148,1265812,81,132
104016562,1257714,55,131
103993363,1241619,74,69
103990325,1272912,106,133
104023550,1261278,32,67
104040766,1268877,0,109
104017706,1282893,27,86
103988179,1276694,143,111
103992110,1239260,51,118
104020179,1274272,91,79
104005831,1242210,124,71
103989675,1270621,135,129
104043276,1273777,65,129
104029768,1249821,116,137
104040719,1275503,98,84
103981721,1246033,109,109
104034886,1255682,121,57
103996970,1246856,139,131
104027548,1261695,8,93
104002359,1254398,60,93
103987802,1282474,143,139
103984754,1267357,112,136
104017895,1267965,116,22
104004195,1255387,3,49
104042151,1275259,141,123
104036986,1283724,111,144
103994147,1258124,76,126
104039450,1278247,42,66
104003779,1261269,141,144
103987642,1239381,23,37
104039520,1265026,39,88
104033242,1239853,48,123
103986532,1262425,139,115
104035725,1248331,118,65
103987887,1244001,99,120
104042813,1283578,25,107
104038224,1277563,44,95
103982135,1247317,131,22
103992360,1267679,16,62
103984729,1238693,5,142
103984371,1253037,9,58
104033928,1258796,75,123
104018581,1280767,142,118
103991670,1243283,79,135
103996117,1258709,94,72
104020792,1247097,77,132
104021406,1251261,9,61
104023384,1247005,65,120
104000549,1250129,135,132
104005397,1242847,41,87
104028599,1274648,100,67
104018108,1259008,8,108
104039666,1244193,55,144
103985146,1247963,81,140
104003152,1277998,55,133
104040752,1262588,1,134
104032829,1239095,129,122
103991475,1259317,8,135
104028909,1264949,118,144
104016632,1247644,71,122
103984341,1273163,94,141
104042940,1282428,25,142
104011618,1266727,8,144
104031905,1270431,95,136
104023957,1238226,57,96
103988532,1263338,42,138
104027271,1254258,117,132
104005915,1264550,107,98
103981888,1271723,68,131
104023276,1248371,46,140
104013307,1246542,25,143
104039941,1247413,142,137
103993971,1281706,53,67
104021639,1284063,132,133
103996765,1251234,18,121
103983798,1244936,14,116
104020475,1249324,15,76
103998243,1266916,118,137
104041674,1262633,136,98
104020228,1242904,5,122
103999362,1237936,63,123
104022784,1269161,114,100
104004015,1260871,27,44
104039038,1268434,55,144
103984117,1283881,83,75
104013435,1274010,116,116
104040552,1246970,66,86
103985326,1253768,47,49
104001494,1277927,75,132
103995663,1245470,32,95
104028185,1260188,14,61
104021749,1268251,97,125
103988742,1264219,59,61
104023269,1243536,134,134
103980572,1255804,6,134
104008960,1273235,17,103
104005278,1281093,133,124
104009866,1251027,14,138
104017468,1283348,106,94
103993302,1276023,1,133
104012742,1262055,24,135
103999809,1265192,89,120
103994633,1280955,79,129
104023395,1278388,65,144
104019576,1273140,22,127
103996583,1283106,16,141
104021181,1254043,118,130
104008517,1241720,82,112
103985656,1259223,126,125
104023391,1260382,50,136
104011874,1279705,100,103
104020581,1283945,40,144
103985889,1264539,139,138
104015737,1241704,12,137
103989894,1277612,6,106
104036384,1275337,52,138
103984581,1283196,11,139
103991916,1266885,60,133
104008104,1258349,78,107
103982876,1246829,77,100
104042506,1241606,62,132
104029749,1257557,115,139
104021776,1247842,72,130
103990743,1264798,63,123
103983738,1276748,125,92
104018252,1248305,119,137
104010852,1237900,2,42
103999234,1278152,136,120
103980660,1276444,132,140
104020346,1263499,142,137
104027023,1245265,34,140
104039966,1241596,47,134
104039543,1268135,35,136
103991985,1260554,75,139
104036115,1245557,75,114
104034179,1279097,98,143
103985180,1274045,108,125
104042030,1275614,12,97
103981335,1239509,41,122
104037336,1279339,107,70
104030262,1248755,90,132
104028597,1241855,43,103
104001418,1266137,107,137
104033789,1238935,60,136
104019790,1263532,19,131
103995445,1245043,35,108
103992905,1265566,117,90
104040710,1274203,16,144
104035394,1250789,91,142
104005831,1238712,101,139
104002622,1242832,77,142
104038605,1246507,129,92
104042546,1238681,11,80
104042032,1271358,66,100
104022421,1264746,67,83
103987992,1278306,45,127
104003331,1262633,19,137
104022520,1266444,116,137
103982678,1254409,102,85
103991567,1270663,2,123
104026231,1282891,35,128
104042331,1284394,121,117
103995658,1256868,74,124
104003379,1240829,52,102
104013826,1239734,131,125
103991445,1273308,9,119
104032674,1265509,45,73
104041937,1241131,55,141
104043407,1254323,137,141
104034802,1261759,115,103
104030156,1255621,45,71
104039152,1239147,91,137
104022668,1257141,54,123
103991497,1258893,112,34
103981518,1253207,77,85
104025281,1268138,12,109
104041059,1283158,34,82
104011155,1280401,143,103
104015297,1248173,8,135
103986074,1242585,107,142
103995721,1255802,86,116
103999563,1239479,140,143
104024075,1274764,100,120
104006496,1273583,81,133
103995710,1245762,35,89
104025061,1261130,12,85
104004882,1258908,41,113
103997485,1255797,138,62
104019917,1257151,136,68
104017203,1247086,105,89
104013604,1279593,113,116
103981753,1270351,69,129
103983416,1282768,130,144
104005936,1277725,110,45
103992010,1273724,130,106
104020715,1245798,58,124
103999411,1266611,83,112
104014998,1244371,74,141
104031809,1257207,33,132
104025244,1246448,106,109
103980750,1267496,64,114
104024948,1243245,8,118
104000531,1238682,124,104
104017169,1272201,74,144
104019649,1238100,91,131
104033714,1281113,73,139
104000354,1278890,131,90
104026520,1253579,36,26
104015396,1264954,42,139
103987317,1274557,25,138
104027766,1249723,41,76
104009069,1271477,96,84
104041728,1273820,33,143
104014882,1263421,32,135
104042846,1241791,15,85
104034718,1252014,84,16
103990455,1266923,65,111
103982252,1256340,9,74
104011450,1271273,118,91
104001336,1270968,7,125
104011061,1266371,93,143
104003392,1268209,112,81
103989066,1284353,74,133
104008811,1254941,115,122
104022263,1268573,100,125
104038186,1250654,117,22
104042011,1251312,24,116
104004879,1256340,80,47
103995669,1259139,112,124
104004591,1238803,36,137
104009788,1272918,96,137
104008521,1250977,116,135
104019353,1249249,56,77
104006351,1252561,27,16
104013307,1263876,112,134
104039372,1243134,80,76
103997819,1279836,91,138
104033312,1248676,60,103
104010107,1265770,61,119
103984587,1251147,72,137
104026808,1263241,132,127
103997982,1245858,58,75
104024326,1257656,56,73
104033363,1266959,87,139
104028229,1246274,1,144
104005734,1276147,115,144
104013754,1244749,42,93
103989762,1267699,107,107
103983022,1268110,106,116
104000054,1244516,71,125
104040615,1280272,113,87
104023254,1259908,10,112
104014857,1264727,89,136
103996853,1279848,19,130
104034471,1284454,87,7
104025624,1239780,47,137
103986929,1252169,51,144
103996201,1274523,101,120
104009671,1247146,91,122
104008908,1253153,108,143
104026323,1269510,109,143
103982710,1265485,98,50
104023656,1272515,82,100
104008743,1257556,74,143
104033839,1261299,70,129
104005470,1248307,38,127
103988150,1269564,39,137
104007856,1259629,26,92
103991508,1280547,8,120
104001151,1266323,142,137
104034425,1254858,26,78
103982891,1271575,110,124
104030178,1272037,94,131
104003560,1279320,93,88
104013167,1273208,101,45
104018540,1268088,17,54
104016077,1252491,51,141
104038006,1258499,100,134
104016461,1265745,115,141
104020160,1271300,86,139
104012185,1256346,62,127
104021508,1270366,140,94
104008792,1257811,133,70
104015975,1270594,119,141
103985636,1258545,138,142
104012337,1243359,129,143
103999889,1277865,122,93
104015405,1283754,18,121
103985013,1240569,120,54
104004163,1276445,47,77
104015795,1241205,60,139
104025924,1276540,19,135
104008114,1251912,78,39
104032729,1241536,64,93
104042349,1280300,76,90
104004041,1249498,124,129
104025767,1254851,16,127
104008816,1253428,83,57
104018631,1239104,73,134
104029228,1264373,4,142
103999202,1273842,25,136
104021547,1255836,119,108
103984313,1263404,141,114
103995511,1261816,137,143
104004332,1284255,111,112
104004449,1256457,128,115
104009937,1240743,129,143
104006912,1261545,6,45
103993960,1254978,30,66
104035641,1245835,33,144
104027438,1251629,91,121
104024733,1267717,17,103
104011508,1243583,66,84
104021350,1279910,129,36
104013520,1284046,137,98
104016685,1265673,21,64
104023953,1238985,115,75
104041328,1264273,90,84
104003209,1281610,1,143
103982030,1259103,121,82
104010257,1280951,91,143
103989273,1256407,46,144
103990608,1254199,80,41
104012371,1250513,7,144
104016631,1272982,60,135
103997750,1246816,32,133
104022862,1280474,11,67
104006554,1237961,86,51
104006382,1253432,8,131
104032418,1238017,39,103
103995486,1238686,49,101
104007836,1264912,61,142
104033087,1281555,50,132
103992902,1249469,20,79
104023124,1265378,80,46
103987877,1263974,97,132
104021372,1242024,120,142
104026080,1259701,100,93
104010384,1268939,50,103
104011907,1256678,105,106
104012259,1251050,98,83
103988941,1261709,107,62
104039239,1273849,124,131
104031213,1259357,122,125
104023568,1239039,30,108
104019555,1263040,30,55
104004598,1265710,74,63
104005344,1263765,43,121
104037994,1271107,46,143
104005261,1266299,59,98
103990587,1279392,123,89
104009809,1247017,136,135
103997507,1271281,61,97
103988832,1246739,33,131
104008585,1240540,78,66
104016545,1246457,128,106
104022105,1280892,134,128
104011789,1248801,76,86
104005613,1252952,73,124
103995942,1248966,13,88
103980359,1278904,79,133
103997037,1260202,21,143
104041818,1245548,102,66
104035984,1238876,101,123
103998188,1264611,96,126
104023671,1259544,102,143
104030943,1269611,65,85
104035260,1250816,142,143
103987371,1261709,11,127
104030015,1272058,27,135
104011561,1272714,70,143
103982683,1238574,24,128
104032476,1255154,137,84
103994417,1282537,116,132
104025912,1247832,119,105
104041923,1240503,52,76
104039963,1252191,113,47
104026875,1252884,71,114
103980418,1249401,81,127
104012025,1252034,129,131
104017270,1272619,1,144
104029711,1247383,93,142
104006935,1251387,59,136
104017898,1240907,133,53
104040929,1262572,70,79
104005838,1251202,139,130
104009792,1264489,42,67
104008712,1279765,140,128
104035418,1283561,127,68
104027423,1259153,46,94
104039107,1284060,80,133
104005405,1242626,69,52
104028014,1252816,143,141
103994980,1269820,94,122
103982711,1263605,96,100
104014452,1256363,36,39
103986270,1262811,141,105
104025239,1275018,142,138
103996321,1258066,111,140
104001349,1258119,138,41
104019625,1268993,135,96
103995701,1243931,141,16
104029271,1264145,29,136
103992057,1247552,123,134
104018816,1278732,119,127
104037083,1250517,132,86
104039169,1279322,141,60
104031584,1264978,107,109
103984387,1267322,3,51
104023854,1254628,100,93
104021264,1263566,55,144
104038650,1239114,6,55
103999141,1249330,106,137
104033753,1249219,105,135
103992932,1264627,54,44
103990909,1239072,32,92
104020038,1259056,43,29
104019492,1254662,115,142
104029363,1253080,75,143
104039368,1259342,115,136
103993323,1250711,125,140
104017923,1268057,103,98
104042538,1281043,52,120
104035693,1243345,76,41
104011953,1261328,44,111
104000427,1248383,59,133
103995632,1271669,81,95
104014275,1251197,73,75
103991057,1262034,132,95
103993333,1262386,44,141
104005739,1276529,39,143
103993904,1251265,26,90
104040632,1276613,129,142
103987261,1243843,128,121
103993686,1272140,29,137
103982790,1252712,60,143
104027997,1275521,143,114
104005500,1280889,130,94
103992527,1268082,61,130
104027599,1279371,30,45
104036824,1241210,62,104
103996989,1247379,136,137
103980620,1279982,80,124
103988835,1259984,140,59
103997822,1281325,61,127
104004612,1251424,140,76
104019382,1241322,102,64
104022861,1241216,98,43
104026309,1257347,123,70
104002037,1245039,39,97
104016935,1258839,105,51
103998029,1252515,21,92
103993237,1258238,68,32
104006086,1260438,97,138
103992353,1281866,22,134
104004278,1273723,84,95
103992857,1240850,96,137
104004036,1275455,48,130
104017468,1278112,22,87
104029730,1265209,2,99
103995416,1267290,88,82
104001242,1278960,69,117
104023983,1277742,109,136
103990645,1284054,139,112
103990327,1271762,81,123
104032226,1247162,36,136
104041661,1252955,22,140
103987087,1269562,111,84
104011716,1275236,70,74
104018810,1269010,86,101
104042686,1252717,93,132
104016650,1283202,139,81
104005015,1244481,65,109
103997366,1257891,10,141
104031813,1279477,38,128
103992919,1277940,115,87
104027546,1250656,111,124
104025145,1278492,105,104
104026067,1248724,89,141
104013869,1249356,93,83
104033213,1276370,112,97
104041025,1253321,36,128
104039946,1279385,73,142
103988444,1245049,84,102
104035948,1248807,67,47
104031834,1272255,68,140
104005933,1253874,49,27
103987868,1250844,23,66
104009645,1250003,35,99
104033853,1269509,82,45
104034177,1282321,42,144
104008210,1245771,7,105
103986261,1249155,65,83
103987104,1243281,133,108
104010329,1243566,82,143
103997290,1257637,104,132
104006129,1272159,41,71
103984939,1278307,84,116
104008173,1284381,128,136
104011593,1283209,75,143
104026619,1259064,122,98
104011966,1271474,98,129
103992998,1279511,19,28
104038353,1274016,36,75
104011502,1264189,143,103
104002647,1265912,17,138
104038835,1270405,100,109
104023360,1249198,140,112
104010646,1283567,35,108
104035051,1246024,142,134
104037301,1253550,63,117
103984164,1251197,5,31
103987603,1269304,101,63
104015099,1239742,71,50
104004931,1243932,48,144
104040354,1251542,26,114
103996604,1263094,27,121
104015317,1265636,68,124
104010123,1256497,86,121
104036609,1251440,90,50
104003575,1249591,88,65
103980606,1270313,101,141
103996100,1270684,134,134
104034048,1244069,112,83
103984390,1268976,44,144
104015971,1238691,70,129
104023743,1242878,4,133
103980704,1239626,110,121
104020700,1253620,89,125
104004696,1251250,122,87
104002855,1239594,73,101
104013707,1278762,53,24
103984651,1276642,45,111
104009954,1260464,16,14
104028599,1279065,135,107
104036175,1281505,19,135
104033692,1263977,47,137
104038644,1248737,91,121
104025646,1260036,49,144
104005535,1282951,69,120
103994046,1275269,5,134
104004203,1249671,133,116
103993569,1250554,46,135
103981968,1280891,42,126
104010941,1271059,22,11
104019940,1249938,90,130
103996648,1242201,7,136
104021022,1241569,49,124
104012711,1281571,78,137
104029536,1262478,64,124
103992907,1266427,138,137
104009462,1251788,9,143
103998760,1263199,40,133
104031516,1265168,104,110
104017542,1238181,64,131
104034123,1240982,44,123
104038165,1279485,143,106
104007674,1241122,121,112
103989019,1267226,43,125
104001267,1257765,133,110
104022317,1257399,10,126
103980770,1244996,70,44
104021479,1273417,47,62
104023923,1239575,88,93
103982829,1252561,79,144
104000034,1277636,19,97
104039421,1242346,101,115
104002433,1250609,92,119
104015321,1281862,137,122
104016398,1243766,53,139
104004594,1252534,119,141
104000877,1245670,39,109
104011044,1258002,107,42
103996328,1260188,71,112
104006190,1279869,26,107
103998459,1251162,109,118
103990780,1269202,3,78
104030534,1239090,96,71
104018804,1259185,114,136
104037825,1250440,28,124
104017280,1280924,4,72
104042176,1265586,77,58
104030189,1264639,36,136
104007187,1254276,68,102
104004671,1247866,21,14
104031831,1238419,94,129
103989023,1264936,34,24
103990590,1267338,111,116
104019734,1261146,95,126
103995333,1242888,82,144
104010942,1242503,124,64
103989714,1247979,99,128
104008717,1251193,11,123
104033964,1280258,120,107
104004477,1278778,85,125
104011432,1239512,101,127
104005173,1264074,58,126
104010147,1270154,59,132
104012545,1282458,80,69
104039969,1241238,46,144
104020999,1257330,71,144
104025226,1271092,16,99
104032406,1274961,42,112
104043454,1239888,103,123
104023977,1247153,106,68
104008931,1284386,110,129
104006343,1272883,59,96
104040232,1247648,52,97
104029932,1244216,133,97
104005815,1261366,139,123
104001779,1251549,68,124
104024752,1239955,13,138
103997997,1268036,135,108
104004140,1278769,120,144
104017846,1268953,106,128
104006644,1266485,58,97
104002707,1238052,122,78
103987455,1282890,90,34
103998126,1255629,23,126
104036715,1270509,4,101
104026990,1264959,34,122
104043329,1283823,106,105
103993168,1281357,2,98
104021476,1244942,90,11
104012413,1276734,69,117
103993550,1257815,96,142
104013733,1283404,139,118
104040937,1277824,63,128
103985853,1280757,22,127
103985492,1270816,126,76
104026959,1244426,61,138
103980625,1252948,6,139
104009557,1238599,60,89
104037471,1242362,43,116
104002518,1265268,94,91
104032205,1262188,50,118
104010184,1238635,110,87
103981598,1250891,91,143
104020160,1256360,130,116
104024031,1246128,24,132
104036507,1243598,26,98
104019327,1283155,16,71
104002190,1270668,62,129
104017546,1262188,72,104
104039252,1241858,70,142
104006359,1251451,109,105
104021251,1251761,22,142
103993803,1246083,124,135
104010149,1262221,135,135
103999721,1252668,106,135
103982016,1238937,3,120
103981100,1260965,97,72
103989515,1282163,89,30
104030876,1268769,128,115
103989146,1247998,56,121
104017022,1267041,45,139
104022274,1276571,57,138
103983344,1267924,18,110
104032080,1248918,92,89
104029093,1238620,59,93
104015452,1257977,134,144
104023424,1276508,133,98
103990206,1260820,1,63
104038142,1264033,14,116
103999694,1242134,55,108
103986651,1272778,64,144
103981652,1254797,119,140
104037230,1249544,71,123
103996002,1253946,48,88
104020224,1269944,83,142
104038698,1262372,100,144
104019688,1247059,83,129
103983137,1257766,104,82
103993977,1272628,21,130
104040933,1250123,141,56
104034180,1260693,92,89
104012351,1280341,114,131
103990561,1255591,38,119
104013673,1248506,43,41
104000217,1249420,37,60
104015042,1279802,139,76
104003816,1252865,19,63
104026850,1284491,68,82
104018183,1274668,83,118
103994462,1282714,58,129
104001923,1283817,41,143
104040899,1266944,56,136
